xorigin_0619/4_splatcheInundata/oriworld.asc
NCOLS 52 
NROWS 38 
XLLCORNER 121.015562477 
YLLCORNER -23.3372221833333 
CELLSIZE 0.416666666660239 
NODATA_value -9999 
-9999 -9999 -9999 -9999 -9999 -9999 -9999 -9999 -9999 -9999 -9999 -9999 -9999 -9999 -9999 -9999 -9999 -9999 -9999 -9999 13 16 -9999 6 35 34 40 -9999 5 51 33 33 -9999 33 33 33 33 33 33 18 14 81 -9999 -9999 -9999 -9999 -9999 -9999 -9999 -9999 -9999 -9999
-9999 -9999 -9999 -9999 -9999 -9999 -9999 -9999 -9999 -9999 -9999 -9999 -9999 -9999 -9999 -9999 -9999 22 13 13 16 16 -9999 74 11 22 -9999 -9999 51 33 33 33 33 33 33 33 33 33 33 64 14 36 38 64 -9999 -9999 -9999 -9999 -9999 -9999 -9999 -9999
-9999 -9999 -9999 -9999 -9999 -9999 -9999 -9999 -9999 -9999 -9999 -9999 -9999 -9999 -9999 -9999 -9999 20 22 -9999 -9999 -9999 6 13 -9999 17 5 26 26 33 33 33 33 33 18 33 33 33 33 64 39 64 39 25 33 -9999 -9999 -9999 -9999 -9999 -9999 -9999
-9999 -9999 -9999 -9999 -9999 -9999 -9999 -9999 -9999 -9999 -9999 -9999 -9999 -9999 -9999 -9999 -9999 -9999 -9999 -9999 -9999 -9999 -9999 -9999 6 17 44 26 33 33 33 33 33 33 18 18 33 33 33 33 33 33 18 18 18 -9999 -9999 -9999 -9999 -9999 -9999 -9999
-9999 -9999 -9999 -9999 -9999 -9999 -9999 -9999 -9999 -9999 -9999 -9999 -9999 -9999 -9999 -9999 -9999 26 26 -9999 -9999 -9999 -9999 22 17 5 51 26 26 33 33 33 33 33 33 33 33 33 33 33 33 33 18 18 18 18 -9999 -9999 -9999 -9999 -9999 -9999
-9999 -9999 -9999 -9999 -9999 -9999 -9999 -9999 -9999 -9999 -9999 -9999 -9999 -9999 26 33 33 33 26 44 5 5 5 5 5 5 44 51 51 26 33 33 33 33 33 33 33 33 33 33 33 33 33 33 33 33 -9999 -9999 -9999 -9999 -9999 -9999
-9999 -9999 -9999 -9999 -9999 -9999 -9999 -9999 -9999 -9999 -9999 -9999 -9999 26 33 33 33 33 26 5 5 5 5 44 5 5 5 5 5 5 44 51 26 26 26 26 33 33 33 33 33 33 26 26 51 51 44 -9999 -9999 -9999 -9999 -9999
-9999 -9999 -9999 -9999 -9999 -9999 -9999 -9999 -9999 -9999 -9999 17 5 26 26 33 33 33 33 51 44 44 44 44 51 44 44 22 17 17 22 22 5 5 44 44 44 51 51 51 51 44 44 5 22 22 22 -9999 -9999 -9999 -9999 -9999
-9999 -9999 -9999 -9999 -9999 -9999 -9999 -9999 6 -9999 40 40 22 51 26 33 33 33 18 33 33 51 43 44 21 67 31 8 79 40 40 17 17 17 17 22 22 75 22 22 22 22 17 17 17 17 17 -9999 -9999 -9999 -9999 -9999
-9999 -9999 -9999 -9999 -9999 6 6 6 6 17 17 17 17 22 44 26 26 33 33 33 18 70 24 59 59 21 31 52 72 8 17 17 17 17 17 8 8 8 17 17 17 17 17 17 17 17 5 -9999 -9999 -9999 -9999 -9999
-9999 -9999 -9999 -9999 40 6 6 6 40 17 5 5 5 5 5 5 5 44 51 26 26 25 59 71 71 51 5 12 60 60 60 3 19 68 60 15 75 75 22 17 17 17 5 5 44 51 51 -9999 -9999 -9999 -9999 -9999
-9999 -9999 -9999 -9999 61 61 6 40 17 44 51 51 51 44 44 44 5 5 22 5 44 44 9 65 43 45 4 12 12 60 60 53 3 19 20 19 10 75 75 22 22 5 5 44 51 51 51 -9999 -9999 -9999 -9999 -9999
-9999 -9999 -9999 -9999 -9999 40 22 5 44 26 33 33 33 26 51 44 51 51 44 5 44 1 68 19 45 45 4 12 23 19 19 20 3 46 19 12 52 52 17 22 5 5 5 44 44 44 51 -9999 -9999 -9999 -9999 -9999
-9999 -9999 -9999 -9999 -9999 -9999 26 26 26 33 18 18 18 18 33 33 33 26 26 26 51 46 46 4 19 9 68 68 68 19 19 4 46 53 9 68 15 15 22 22 5 5 5 22 22 5 5 -9999 -9999 -9999 -9999 -9999
-9999 -9999 6 -9999 -9999 33 33 33 33 18 18 18 18 18 78 33 33 33 33 26 26 53 46 4 3 3 19 4 4 4 4 2 2 3 4 19 63 42 4 5 5 22 22 17 17 22 22 -9999 -9999 -9999 -9999 -9999
-9999 40 6 -9999 33 33 33 33 33 18 66 81 78 80 27 27 33 33 33 26 29 46 4 4 3 46 3 45 46 45 2 2 46 46 3 46 25 64 53 5 22 22 17 17 17 22 5 -9999 -9999 -9999 -9999 -9999
-9999 17 22 26 33 33 18 18 18 80 36 80 30 47 7 1 56 26 33 26 46 46 65 45 46 48 3 46 46 46 47 46 53 46 46 53 32 32 53 44 44 5 22 22 22 44 51 51 -9999 -9999 -9999 -9999
-9999 26 26 33 33 18 18 18 70 80 27 45 3 2 1 1 48 55 55 47 46 46 46 46 46 47 47 46 56 47 47 56 27 56 47 55 26 26 51 44 44 44 44 44 44 51 26 26 33 -9999 -9999 -9999
26 26 33 33 18 18 18 77 81 81 37 54 46 47 47 48 55 30 55 32 53 53 53 53 55 56 53 56 56 56 55 41 49 50 50 55 50 26 51 51 51 51 51 51 26 26 33 33 33 -9999 -9999 -9999
26 33 33 18 18 70 18 18 78 81 70 73 32 56 53 56 29 38 38 32 29 29 32 30 30 29 30 50 55 53 56 50 50 49 49 27 37 36 76 26 51 26 26 26 26 26 33 33 78 78 -9999 -9999
26 33 18 18 18 70 77 77 81 77 66 64 32 29 27 30 30 30 29 29 30 30 29 29 27 36 80 57 30 56 56 56 56 30 27 30 38 70 77 36 27 26 26 26 26 26 33 33 81 81 -9999 -9999
33 18 18 18 81 14 78 81 77 14 58 25 64 30 27 30 30 30 36 27 28 29 32 30 28 80 80 36 30 27 27 29 32 32 29 29 38 58 58 58 38 36 26 57 57 76 33 33 78 81 81 -9999
18 18 66 81 78 78 78 78 77 14 77 39 38 37 37 30 30 36 80 28 27 32 29 27 28 27 30 30 30 27 28 30 29 32 29 38 38 39 58 58 66 38 30 28 76 80 33 78 78 78 78 -9999
18 18 78 81 78 78 78 78 78 78 81 80 81 36 38 32 30 30 80 57 27 29 50 49 49 50 55 30 30 30 27 30 30 29 29 29 29 39 39 66 66 66 37 80 76 33 18 78 78 78 78 -9999
18 18 78 78 78 78 78 78 81 78 78 78 77 36 37 38 37 80 80 30 30 30 27 49 49 49 49 49 28 80 36 36 27 30 30 30 30 30 37 38 38 38 37 77 81 78 78 78 81 81 81 -9999
18 18 78 78 78 78 78 78 78 78 78 78 81 77 81 77 76 28 27 27 27 27 27 28 57 57 28 57 57 76 80 80 80 36 36 27 27 27 36 36 36 37 37 37 77 78 81 81 80 81 77 77
-9999 78 78 78 78 78 78 78 78 78 78 78 81 81 78 78 78 80 28 57 57 28 28 28 57 57 57 57 76 76 76 76 80 80 80 28 28 28 27 27 28 36 37 37 37 80 80 80 80 81 81 80
-9999 -9999 78 78 78 78 78 78 78 78 78 78 78 81 81 81 78 76 80 28 57 57 28 57 57 57 57 76 76 76 76 76 76 76 76 76 76 76 80 28 28 57 27 28 28 80 80 76 36 80 80 36
-9999 -9999 78 78 78 78 78 78 78 78 78 78 78 78 78 78 78 76 76 28 28 57 57 76 76 76 76 76 76 76 76 76 76 78 76 76 76 76 57 57 28 57 57 28 28 80 80 80 80 80 36 30
-9999 -9999 -9999 78 78 78 78 76 78 78 78 78 78 78 76 76 76 76 76 80 57 57 57 76 76 76 76 76 -9999 76 76 76 76 76 76 76 76 57 57 57 57 49 28 28 28 57 28 76 80 80 27 55
-9999 -9999 -9999 -9999 76 76 76 76 76 76 76 76 76 76 76 76 76 76 76 57 -9999 -9999 -9999 -9999 -9999 -9999 -9999 -9999 -9999 -9999 76 76 76 76 57 57 57 57 57 57 57 57 28 28 28 28 27 28 76 80 49 50
-9999 -9999 -9999 -9999 -9999 -9999 57 76 57 76 76 76 76 76 76 76 76 76 -9999 -9999 -9999 -9999 -9999 -9999 -9999 -9999 -9999 -9999 -9999 -9999 -9999 -9999 -9999 57 57 76 57 57 57 57 57 57 57 57 49 49 28 28 49 49 62 49
-9999 -9999 -9999 -9999 -9999 -9999 -9999 -9999 76 76 76 76 76 76 76 76 -9999 -9999 -9999 -9999 -9999 -9999 -9999 -9999 -9999 -9999 -9999 -9999 -9999 -9999 -9999 -9999 -9999 76 76 76 57 57 57 57 57 76 76 57 57 49 49 49 49 49 62 62
-9999 -9999 -9999 -9999 -9999 -9999 -9999 -9999 -9999 -9999 -9999 -9999 -9999 -9999 -9999 -9999 -9999 -9999 -9999 -9999 -9999 -9999 -9999 -9999 -9999 -9999 -9999 -9999 -9999 -9999 -9999 -9999 -9999 -9999 76 76 76 78 78 78 78 78 78 76 76 76 76 57 57 69 49 41
-9999 -9999 -9999 -9999 -9999 -9999 -9999 -9999 -9999 -9999 -9999 -9999 -9999 -9999 -9999 -9999 -9999 -9999 -9999 -9999 -9999 -9999 -9999 -9999 -9999 -9999 -9999 -9999 -9999 -9999 -9999 -9999 -9999 -9999 78 78 78 78 78 78 78 78 78 78 78 78 78 78 78 76 69 -9999
-9999 -9999 -9999 -9999 -9999 -9999 -9999 -9999 -9999 -9999 -9999 -9999 -9999 -9999 -9999 -9999 -9999 -9999 -9999 -9999 -9999 -9999 -9999 -9999 -9999 -9999 -9999 -9999 -9999 -9999 -9999 -9999 -9999 -9999 -9999 78 78 78 78 78 78 78 78 78 78 78 78 78 78 78 -9999 -9999
-9999 -9999 -9999 -9999 -9999 -9999 -9999 -9999 -9999 -9999 -9999 -9999 -9999 -9999 -9999 -9999 -9999 -9999 -9999 -9999 -9999 -9999 -9999 -9999 -9999 -9999 -9999 -9999 -9999 -9999 -9999 -9999 -9999 -9999 -9999 -9999 78 78 78 78 78 78 78 78 78 78 78 78 78 -9999 -9999 -9999
-9999 -9999 -9999 -9999 -9999 -9999 -9999 -9999 -9999 -9999 -9999 -9999 -9999 -9999 -9999 -9999 -9999 -9999 -9999 -9999 -9999 -9999 -9999 -9999 -9999 -9999 -9999 -9999 -9999 -9999 -9999 -9999 -9999 -9999 -9999 -9999 -9999 -9999 78 78 78 78 78 78 78 78 78 -9999 -9999 -9999 -9999 -9999
