xorigin_0619/4_ABCSampler/1_splatcheBorealis/oriworld.asc
NCOLS 37 
NROWS 30 
XLLCORNER 119.708333333 
YLLCORNER -22.95 
CELLSIZE 0.416666666657564 
NODATA_value -9999 
-9999 -9999 -9999 -9999 -9999 -9999 -9999 -9999 -9999 -9999 -9999 -9999 -9999 -9999 -9999 15 29 29 23 45 23 -9999 -9999 -9999 -9999 -9999 -9999 -9999 -9999 -9999 -9999 -9999 -9999 -9999 -9999 -9999 -9999
-9999 -9999 -9999 -9999 -9999 -9999 -9999 -9999 -9999 -9999 -9999 29 -9999 15 15 15 15 15 15 29 29 29 -9999 -9999 -9999 -9999 -9999 -9999 -9999 -9999 -9999 -9999 -9999 -9999 -9999 -9999 -9999
-9999 -9999 -9999 -9999 -9999 -9999 -9999 -9999 15 15 -9999 29 29 29 15 15 15 15 15 15 15 15 15 -9999 -9999 -9999 -9999 -9999 -9999 -9999 -9999 -9999 -9999 -9999 -9999 -9999 -9999
-9999 -9999 -9999 -9999 -9999 -9999 -9999 -9999 15 29 29 29 29 29 29 29 15 15 15 15 15 15 15 15 14 14 14 14 15 15 -9999 -9999 -9999 -9999 -9999 -9999 -9999
-9999 -9999 -9999 -9999 -9999 -9999 -9999 9 53 29 23 23 29 29 29 29 29 29 15 29 29 15 15 15 15 13 14 14 14 14 14 13 30 -9999 -9999 -9999 -9999
-9999 -9999 -9999 -9999 -9999 -9999 -9999 -9999 -9999 23 23 23 23 29 29 29 29 29 29 29 29 29 15 15 15 14 14 14 14 14 30 30 46 22 -9999 -9999 -9999
-9999 -9999 -9999 -9999 -9999 -9999 -9999 -9999 -9999 23 23 23 23 29 29 29 29 23 29 23 23 29 29 29 9 13 14 14 14 14 30 22 22 30 30 -9999 -9999
-9999 -9999 -9999 -9999 -9999 29 29 -9999 29 23 23 23 23 29 29 29 32 24 29 45 45 23 29 29 32 30 14 14 14 14 30 30 30 31 31 31 -9999
-9999 -9999 -9999 -9999 33 23 -9999 29 29 29 29 29 29 29 51 32 31 31 31 26 23 23 23 32 31 30 30 30 30 30 14 14 13 31 24 24 -9999
-9999 -9999 -9999 -9999 29 23 23 23 23 23 29 29 54 57 26 25 30 30 31 34 26 23 23 25 22 30 30 30 25 31 13 13 31 25 24 44 46
-9999 -9999 -9999 -9999 23 23 23 23 23 29 23 19 18 50 38 46 46 22 25 24 50 44 47 41 43 46 22 31 25 31 13 13 31 25 44 37 38
-9999 -9999 -9999 45 23 23 45 45 23 23 18 18 7 2 38 46 43 43 43 42 42 43 37 37 44 25 44 32 32 31 13 13 31 32 24 44 43
-9999 -9999 23 23 23 23 23 23 39 45 52 55 17 16 5 38 25 43 44 40 3 41 49 25 49 49 24 33 32 32 12 13 14 13 31 31 31
-9999 -9999 23 23 23 23 23 29 48 39 56 55 3 16 6 5 43 43 43 44 50 49 26 27 27 32 32 32 32 33 11 13 14 14 13 12 32
-9999 -9999 23 45 23 29 23 26 58 47 40 40 41 6 1 38 38 43 44 27 27 44 32 33 11 11 12 13 13 33 33 12 13 13 12 12 12
45 -9999 23 45 23 57 24 25 32 27 44 37 42 38 37 37 44 44 34 34 33 33 32 32 11 11 13 13 11 10 10 12 12 11 12 12 13
45 -9999 45 45 23 27 24 25 31 32 44 37 42 44 44 49 27 33 33 34 33 32 32 10 11 12 12 13 11 11 11 11 12 11 11 12 -9999
23 29 29 23 23 26 24 25 31 24 44 44 44 25 24 26 34 34 9 9 11 11 32 12 12 11 10 11 10 10 11 11 12 11 12 11 -9999
23 23 23 23 29 24 24 44 24 49 49 43 43 25 24 26 35 9 9 8 8 10 11 11 12 11 9 9 10 10 9 11 11 10 10 -9999 -9999
4 23 23 23 27 24 44 49 49 49 44 43 43 24 24 34 10 11 8 8 8 21 8 10 12 12 9 9 10 10 10 11 11 10 -9999 -9999 -9999
-9999 23 23 23 27 27 27 28 26 27 44 24 31 11 12 12 11 8 36 8 21 20 9 11 12 12 10 9 9 9 10 11 -9999 -9999 -9999 -9999 -9999
-9999 29 29 25 24 24 44 44 24 25 25 32 13 13 13 13 13 11 12 11 10 9 11 12 13 12 10 11 10 11 11 11 -9999 -9999 -9999 -9999 -9999
-9999 -9999 25 25 25 25 25 43 25 25 31 32 13 13 13 13 13 14 14 14 12 12 13 13 13 12 12 12 12 12 13 12 -9999 -9999 -9999 -9999 -9999
-9999 -9999 -9999 22 22 46 46 46 22 22 31 31 13 13 14 14 14 14 14 14 14 14 14 14 13 13 14 14 13 13 13 -9999 -9999 -9999 -9999 -9999 -9999
-9999 -9999 -9999 -9999 46 46 46 22 22 22 30 30 14 14 14 14 14 14 14 14 14 14 14 14 14 13 14 13 14 14 14 -9999 -9999 -9999 -9999 -9999 -9999
-9999 -9999 -9999 -9999 -9999 -9999 -9999 22 30 30 30 30 14 14 14 14 14 14 14 14 14 14 14 14 14 14 14 14 14 14 14 -9999 -9999 -9999 -9999 -9999 -9999
-9999 -9999 -9999 -9999 -9999 -9999 -9999 -9999 30 30 14 14 14 14 14 14 14 14 14 14 14 14 14 14 14 14 14 14 14 14 -9999 -9999 -9999 -9999 -9999 -9999 -9999
-9999 -9999 -9999 -9999 -9999 -9999 -9999 -9999 -9999 14 14 14 14 14 14 14 14 14 14 14 14 14 14 14 14 14 14 14 14 -9999 -9999 -9999 -9999 -9999 -9999 -9999 -9999
-9999 -9999 -9999 -9999 -9999 -9999 -9999 -9999 -9999 -9999 -9999 14 14 14 14 14 14 14 14 14 14 14 14 14 14 14 14 14 -9999 -9999 -9999 -9999 -9999 -9999 -9999 -9999 -9999
-9999 -9999 -9999 -9999 -9999 -9999 -9999 -9999 -9999 -9999 -9999 -9999 -9999 -9999 -9999 -9999 14 14 14 14 14 14 14 14 14 14 -9999 -9999 -9999 -9999 -9999 -9999 -9999 -9999 -9999 -9999 -9999
